KNeighborsRegressor 0.1777661327276403 0.2886274880984394 0.8519059698840079 0.8519007994869467
LinearRegression 0.2131507346518477 0.3143104443078822 0.8231436069800943 0.8224214426767451
SVR 0.20572848090071433 0.25941230288105627 0.8296131409650028 0.8286050156086715
BaggingRegressor 0.15860697257714929 0.27354916162736836 0.8678636874009542 0.8678625367270576
AdaBoostRegressor 0.2060406651809607 0.3339820498153864 0.8391169953136526 0.8283449309592064
GradientBoostingRegressor 0.12913782623174722 0.2494345736655751 0.8924235752004455 0.8924136531100806
ExtraTreesRegressor 0.13937930092869083 0.268861885968709 0.8838817838818968 0.8838813517576297
RandomForestRegressor 0.12820345243436512 0.2616999173996962 0.8934578743562808 0.8931920916700545
MLPRegressor 0.14583810046550327 0.25856386017797894 0.8789172491690986 0.8785004446467035
DecisionTreeRegressor 0.2300787735591487 0.339962946044144 0.8089219091018216 0.8083184805997885
